134190
324928
597774
439880
207915
563266
225752
827682
426284
50376
407074
357719
246880
796142
821323
488246
415504
436679
962133
151650
364390
960329
993832
696790
53217
19211
634621
198988
775212
874579
290604
381776
859326
973207
215995
688127
393075
139185
972788
623728
974152
395691
603246
972755
336632
700935
531595
523309
592837
991768
952824
669582
445041
484123
815977
19000
758034
98579
326380
570067
333118
30865
957064
225272
311552
880137
489082
514093
424565
427818
809128
536908
253700
497911
266674
524348
144327
593756
701969
783458
401098
730595
858477
590277
448331
764908
261822
812608
742557
52192
381388
443669
397173
327528
268456
710455
249351
707883
311923
853304
625984
48849
11903
102718
140009
439982
625981
238778
721603
567329
657041
347505
477522
27617
836019
692808
672786
45584
123168
342049
678946
957251
723675
676730
437678
833622
146790
352641
782612
235652
348480
940222
665007
4330
638022
437804
527304
818475
921133
995067
135995
735284
616465
387341
730347
39993
124273
626277
162446
381501
93147
508571
796914
713857
545494
851677
357437
417428
631340
333125
585599
456696
476133
649979
649729
660711
562038
232736
338798
337732
421757
43342
187064
93263
806724
787327
299120
361647
443435
768509
421784
509190
436305
961216
66240
726374
145566
171680
397258
268547
151463
603325
392332
287934
700498
93078
407798
797386
212759
988674
854195
664252
392597
708619
520568
598827
624626
869589
892342
625245
513732
173340
137359
908049
323462
670167
983387
165781
614716
690298
847342
682879
410035
462661
407148
704716
747998
770224
780816
742333
768885
975551
321854
573174
367744
629710
137792
327808
191634
415304
693178
470117
293582
396591
85540
997289
209430
739306
63854
529337
875526
792532
570496
112953
682586
750409
32774
312768
934188
507846
669664
966889
354923
896468
800692
378766
117669
121725
547371
82361
313692
684757
93168
981622
355569
483885
686530
353668
631432
54448
320745
822629
974067
514944
913909
659398
683436
295652
857595
708447
204750
600680
995296
536050
255215
510577
531337
823295
822924
752297
634107
599436
498430
824786
575436
443014
890316
318850
777273
936796
797339
558257
979454
702182
888824
577686
377661
139596
706418
19746
417948
571760
383216
954914
561706
792180
790987
630495
162321
641408
379536
365532
335026
492259
495635
567607
464081
77346
125624
149100
116834
716507
145996
899321
272699
151056
618731
255968
614169
564032
214275
422193
925048
33722
764182
998890
206745
545065
159222
973986
962162
291207
205808
522475
692884
667457
25265
377050
244129
600465
786349
170646
255023
128992
411191
192570
174487
511230
867518
654839
497016
516453
329217
374289
741624
744924
885857
905397
441225
55203
20529
70534
550800
543720
423998
359296
910189
434611
603553
371398
792175
722931
151769
833923
122497
390811
425905
163551
505347
966320
475839
158889
956854
376570
632324
911991
961960
611530
762784
69874
685625
627434
539150
474981
582386
341061
489163
177984
626125
13456
997435
537941
145262
614106
367408
801551
827304
737698
986699
849011
952532
665308
674651
814649
82667
112764
785791
661286
23397
473387
399818
596985
555938
524085
504844
139046
823417
659441
382849
548864
740771
412246
227023
284439
494223
84888
322064
884579
940952
214328
615046
535626
360700
837261
64007
816812
23835
485470
803780
694899
119649
473446
265329
33005
332129
39047
979814
801336
921705
424547
433138
543692
306550
892231
471339
159353
416058
405458
237655
5129
495252
401874
397768
887441
382574
347891
959466
600813
897414
130130
884897
768814
944257
714116
137028
751328
944448
330866
945686
651522
637555
306682
988019
267140
43933
2116
262958
125952
572147
790521
893709
195734
210019
963313
722871
390524
305797
356137
172540
266709
929250
863277
83427
796716
90155
262408
990528
688155
801346
524022
76218
739319
287701
772408
859458
785744
273034
720692
628720
264986
122948
824733
807929
817117
24683
750556
739525
371016
138341
463531
177266
902969
622369
108057
335737
740017
960370
121154
69647
474665
830957
613572
515567
358123
579487
701515
553040
492809
514645
14615
640668
220113
319420
552639
13601
331903
78694
417168
570007
172141
881326
478580
396877
189060
228900
976884
680926
24014
11446
573085
671873
773610
764250
505728
856831
516046
501019
488354
6482
445518
125269
844606
79216
467121
848908
598550
616221
194678
238980
247436
780029
729719
42348
6896
100310
996853
721276
317931
996953
527229
599009
554537
431065
529411
434242
308359
354215
679153
564284
908096
251498
861914
872387
759476
843717
852108
94666
655030
86834
730999
11749
510690
527812
285689
231241
83641
409137
882869
858742
865583
934717
99559
204445
432748
392492
332552
363947
997863
378669
613315
512789
523645
122165
679863
830121
403361
955312
331685
392009
722973
431221
710116
686149
719301
829624
306970
223260
525690
807235
381677
377142
466028
473385
521075
491379
733943
931501
276275
970967
911758
506364
865665
76873
559759
635352
364465
546027
207421
283329
781118
850625
74938
724703
842739
380447
487721
320061
121672
194293
289333
235922
574757
292164
119785
550090
354348
413704
32384
44554
69978
366040
229276
441573
762901
429300
795507
789023
752105
415722
433920
525069
183764
798897
690587
283912
466085
916557
485926
655993
421879
742390
426453
637553
758511
285650
956095
286689
619479
413086
374040
460385
876335
547183
513205
543029
776626
185428
869217
99591
545891
147439
237208
128913
112795
256773
434247
29537
28086
164041
501693
89151
425481
211588
486109
409578
413484
824136
685186
693707
996313
26253
748304
584227
906419
124471
141810
41647
14052
111848
475844
499919
97310
856364
60457
882927
540967
945718
729733
281230
262025
658927
257250
589910
662288
929982
317363
750574
730301
333590
461098
896604
321098
160751
573741
677287
971176
711037
87983
402212
858112
930740
259904
946666
35019
918240
209457
851891
658547
380544
408724
59850
100657
668011
109246
570128
135654
946531
392447
128954
416753
285683
362124
358505
746347
704101
303023
504486
312068
545
111500
719552
816374
144230
720269
187920
115416
984049
509296
11168
189253
974369
587331
373019
136476
464994
17585
461182
460121
52813
241525
126976
538849
180239
944530
984339
662295
411311
49194
203882
662037
284829
56575
324968
398227
904904
427029
897695
42818
455906
608654
191230
48785
388437
225040
514943
525254
781020
42329
939030
888086
975665
339311
849985
323461
584461
300796
128186
97818
780662
630721
710211
891844
608292
941512
101653
138285
463555
757366
878604
676015
494996
265143
945284
804873
176603
121003
181771
777567
554470
92154
604951
916138
33129
629920
802070
260631
459290
812561
389606
916082
617103
440615
652502
36908
374676
765320
977202
263020
717822
620299
16973
904539
423598
301215
442232
423654
219850
42118
599391
828472
829148
361870
499965
302166
531440
346541
818230
66829
825247
246697
130234
820866
501646
643022
382251
320370
128604
368815
745335
354062
563047
853028
548508
598758
263127
671116
294982
863300
269596
77556
432348
833756
53411
594803
989858
922452
489635
435969
640781
360039
966
127727
14758
330494
686091
961340
241099
182714
545467
866359
107096
273573
999583
45174
566065
333021
189508
894994
473889
826459
329717
380104
8783
504198
526931
10534
556164
908941
364115
925003
702671
723072
846998
259422
85860
53100
291503
724984
506181
442557
828857
51684
319636
978589
467375
678352
396997
724415
262569
570672
667035
539115
220487
603842
895731
266114
740959
323747
378701
823990
169424
659689
28039
867789
962556
659243
149436
465477
657146
310456
951831
43426
694213
488238
290583
268263
387021
414682
663936
701465
697276
879440
132303
242697
629264
49330
521989
239653
840894
109971
106402
313304
785304
456757
398023
839132
359465
177764
878568
144103
143738
515999
776926
137234
550027
912690
515107
402473
804611
127186
815878
830982
472608
294999
222047
144726
32425
990662
171813
548763
411494
214333
976633
72713
369294
147533
532079
139943
464114
229405
169435
300353
594698
400285
263685
273009
48324
307495
189097
155365
181757
298636
46707
491269
817428
657047
392695
453108
232346
410116
587215
247944
432203
901528
609722
60942
402841
12025
506643
308901
543090
571970
948189
699349
447007
699286
144393
703485
102089
596465
573834
306831
898659
904688
168929
352568
464689
28915
665836
480304
666994
439040
273981
42439
254238
104741
712131
35926
904175
575773
278352
264551
988680
92374
663527
749114
998474
195887
353526
732598
977486
242650
350098
637189
706337
886564
11220
358877
194923
555540
456179
367467
731819
128333
210184
450165
925006
283979
421985
646907
220394
900666
959382
924142
85645
915506
460840
161470
283305
875758
101505
257044
153087
698762
93376
765532
608596
734189
497713
275275
764657
364265
960084
990243
952747
498117
726779
687502
281400
538102
468281
971657
574850
697538
382569
890267
622307
289451
263307
611345
197599
271638
926163
743198
912915
670535
612339
758199
833129
840865
424774
408694
887814
188397
688108
379183
640758
633233
967641
431646
95048
123607
466619
239520
590283
878855
743132
477246
137542
252653
713292
673810
608745
291088
232414
593433
500375
40030
543389
697918
433236
606109
108958
431752
503488
514050
974713
570004
733959
427473
616622
339821
852719
724379
384763
331721
121305
603913
689657
176108
782411
434037
444915
322182
391871
752458
295675
875823
359588
61197
87
506653
837272
14379
918129
332808
332839
659003
646895
432027
533869
875478
964849
508537
19369
820845
79422
501582
727311
63778
662512
23254
654976
98704
412173
384780
291036
479494
799639
599542
986151
134343
131877
967645
125535
415835
734416
768444
284071
888277
91913
639281
249292
652290
230446
842551
441545
114443
894826
477840
368261
189405
893643
726945
185110
348670
210666
868953
905873
842125
919151
489585
157035
2600
176095
592397
173507
682209
335967
799241
791355
860460
239787
199149
847721
97499
119576
263975
893632
67193
585744
850198
781309
14616
294536
906906
592854
883857
940232
754215
817770
199776
861529
766325
860912
212403
81129
238474
732084
590431
536939
214985
428541
467871
536131
303343
65294
913881
364532
664735
147814
869655
103436
24742
364945
422221
761852
4938
238411
924902
415171
374628
292071
734861
739544
596077
354152
249742
826829
112358
309755
736707
836849
87877
904848
425536
656574
250987
702590
340164
519752
885622
887102
643086
567249
106841
110673
973513
764221
629743
955128
390074
798238
718292
929102
968766
181351
797273
577552
388550
78620
493800
185982
940469
51586
951279
597014
42794
746695
842669
667827
64884
300715
903879
242288
137811
660834
936903
286607
930174
417182
424412
817489
226851
451128
155462
216943
100710
248843
33362
940006
268021
190155
666421
31203
290733
839668
249285
395743
355497
179771
290929
259674
187871
153175
197665
70783
735800
671666
40441
742406
547503
643903
317035
668131
750025
256891
491172
749853
216066
169831
680468
375141
480621
735756
714170
859480
468809
601414
331544
803599
424490
47528
733998
972205
887051
297293
553712
933065
145654
828947
308802
537557
412547
711157
333837
840024
393894
646029
2288
829354
894170
517915
394375
224121
889260
84674
591887
145174
322365
826373
106222
719868
286823
860706
707909
44573
4343
699846
69220
618002
284386
997710
953935
94216
70587
310134
805339
264358
401094
694163
628504
133319
750665
850340
804682
204538
296600
173840
209917
154540
713647
410781
490186
605128
725276
994795
295100
845667
747682
601965
872201
417771
363233
566591
724695
92561
40451
721576
941416
706845
562924
924429
263643
894753
329409
512858
759749
306346
60399
961514
910336
213971
131495
792078
753098
473203
728030
287841
181750
491395
27030
200255
687282
695729
498927
465720
644542
630337
281081
205091
954503
785033
672277
577322
16741
518610
920903
8673
212087
386568
849123
320109
355377
214936
208342
720002
647299
879230
624117
43849
59287
262607
852872
540135
583429
308190
706304
807073
571954
863040
38252
641561
235410
440457
271197
640186
596115
87012
412554
949722
503839
880794
384992
931335
356294
644596
257522
823233
246847
483721
362246
243587
647901
316150
427638
63097
467802
633029
222261
569070
183658
233967
175275
577474
1220
384912
879989
923806
727445
187441
987797
357182
649970
442054
553376
419137
818486
766898
644732
869490
846562
662481
358665
276162
533519
760928
693871
322331
65242
219613
917061
660921
280223
774703
641969
597853
515620
612875
439849
711761
840468
674730
134114
475233
82399
402404
119184
1827
761681
723924
340531
919937
859150
491530
429749
672527
237678
34585
470913
179926
656544
558988
704248
926329
41548
535394
36485
32090
781301
825735
114377
712777
237461
931644
61095
616628
463187
513963
70558
650518
103031
676408
205661
581037
418761
553247
475078
525413
890237
560691
852596
176855
484324
322883
716485
856541
133823
458396
422218
729576
121070
249126
284773
846207
595414
42052
249728
232342
574789
335798
307030
185889
208974
914673
728354
967931
576024
133363
913347
273494
437700
673929
689326
829480
54253
857289
396778
170358
101003
737763
828968
299263
715485
524439
816154
316761
535636
735184
224846
16293
213304
315847
177694
985882
972709
698368
290986
184103
717098
487917
189912
708449
290398
112043
288021
709612
808257
157063
431095
624351
308351
227258
915894
218499
765249
613152
513864
522491
890450
995532
879031
673288
120260
761154
402919
885011
678563
384157
468147
35565
598786
905637
135543
458063
210725
848260
969640
230819
839860
775692
27626
790248
684850
753212
999624
657707
307228
835119
243221
342038
576622
758340
285098
449569
795852
757766
836915
891604
67654
81769
621670
68356
660024
849947
711829
698191
234108
814390
735939
167254
163243
28400
233283
248154
220096
122151
435390
211792
67142
581005
447583
463590
433622
94487
756882
975889
907255
291535
70265
733
772377
37274
994510
512122
872327
364315
588871
272513
860083
607201
132331
196029
53396
515143
774352
90568
220885
549277
985428
308644
188154
494680
562837
790448
700033
832686
166750
771956
925441
810991
541648
528102
167858
40161
415245
697185
841799
305085
939733
557726
31340
732965
77433
885006
109518
835061
723248
965444
295731
249386
370032
394002
972631
336284
905399
648030
469840
142390
372232
329314
337440
35943
958708
986399
280881
47904
698252
19738
916390
161261
516901
949502
531454
301340
5116
354245
206013
732200
231201
152282
794373
818039
982669
823498
758211
267020
508246
635063
541500
120528
438000
721698
553228
135607
77906
909344
826186
535569
891894
936638
722683
113368
11752
64608
411509
239208
863095
376874
840745
634846
812474
107692
858135
230767
869505
124554
187185
59645
553928
497336
739795
14667
76527
435647
855340
828325
364193
896468
791048
106180
963431
955815
802798
271264
793916
52333
177289
312413
296171
885586
521572
831964
230696
976917
10828
830709
781337
782964
771876
763023
703582
284780
215068
727714
760870
136409
647422
205833
979811
488090
806496
262348
729567
565350
708652
183317
955871
392107
531481
790142
836507
453091
107018
492714
216323
33301
861281
167396
936149
380467
544441
844818
284244
470193
74283
90470
289895
468727
968471
677013
828283
189615
76251
81286
167466
479303
663130
193662
347607
673670
360161
155068
969456
767745
266654
12462
267393
511994
8689
391587
228770
958660
587929
931920
748188
532082
954984
746260
923426
675852
117630
887890
654077
537762
93361
628640
798670
115984
744348
92284
731972
788842
751096
941259
36036
93486
560666
460836
613728
735576
553911
944080
69615
253367
454104
31164
571192
446187
989275
752488
292400
189004
704005
254137
221610
128398
63734
140749
818849
87923
417254
312943
45107
24668
421877
193759
549754
73821
197201
457081
461744
524406
259820
633022
979969
744020
517751
907685
274329
984813
507700
148663
206545
120849
993354
251721
599371
461910
197020
226947
612154
576071
80949
28373
504366
442523
41392
540025
97755
447734
356937
835478
526635
294630
225112
643836
802259
61172
845909
839434
78182
711649
180433
979490
516017
44762
872299
65916
986278
177260
756238
330280
337155
14259
350220
603804
238832
353258
888073
473486
330575
600704
316144
594395
23470
54555
978616
820446
533111
97092
715678
12831
962196
498082
871487
158660
102063
874053
712079
383796
374381
798225
972890
41291
224964
565232
713390
726102
295723
591428
318337
154417
352948
289937
898713
516692
712313
404631
164022
445464
201768
456180
60551
861187
752511
750765
687010
760538
544761
206452
255928
464765
257679
919354
807144
970484
403847
649111
169508
868695
703997
625442
650280
386872
103811
209806
475841
716184
240984
452204
588536
29176
127211
92728
973350
757745
629091
84654
380347
307637
45306
897214
292083
672343
657854
68034
87191
184589
487382
312660
567430
641652
699549
872536
147526
666733
730663
252455
281065
696554
112064
58105
407315
77969
765259
509535
575019
301410
681455
114626
6695
882547
535325
416627
570855
706535
415815
726711
448507
655336
817105
655596
192597
370686
238067
297913
547988
615476
127740
957276
887587
260218
820748
313267
911779
553869
164773
986126
427888
558221
709487
599975
112883
247240
369303
987070
936394
102126
620604
283258
481840
488676
63138
497031
2780
251871
597582
690860
320133
212371
617956
977963
68412
285909
885847
999892
679457
576202
432193
320708
981265
660215
482001
827221
545559
919235
575186
101721
309041
142054
954809
907752
570156
431888
321830
24946
71196
547871
612467
336014
900530
612627
24629
464011
74333
937691
553840
607897
127934
624810
585808
806571
306268
500924
897614
375833
40604
864418
329290
666315
691651
963291
340344
405984
200449
216685
673611
688937
750724
874603
427592
679971
505688
859583
973712
431997
214744
553896
386220
100152
460643
884424
813662
2470
24249
640843
330628
317172
512023
210543
660328
542332
972341
797531
736791
434559
563480
231575
21362
176642
131488
401405
868959
79829
711953
46033
894193
89884
143180
72976
167915
458096
155898
565125
906550
150894
51757
274016
963933
873716
360260
165307
788127
788794
307958
448054
517828
837446
49794
571038
556556
140229
410254
24904
605225
288239
309692
28514
173272
432160
662973
71077
782216
829901
106247
738673
2602
185953
102547
602652
615407
14127
450473
192389
240773
432942
568874
804280
48495
661038
240851
22862
567969
185212
77497
420110
992186
937143
289607
658795
860950
37545
543800
901368
289957
919994
729991
277212
514149
964844
782073
658491
976821
806349
951379
5476
732382
351138
212416
160335
317616
888553
285373
681007
483537
98220
81913
164900
965486
876067
698159
942675
401744
459688
573469
869051
756027
890952
827939
45475
294074
574009
759406
591371
325639
870277
953431
976245
89503
685563
965255
428058
634921
465957
622501
776539
344235
926096
102160
73718
139889
899875
321538
160704
913924
55000
628475
589965
756803
541415
782411
971040
868836
710559
196799
607224
655208
735342
279622
359055
108681
745335
216196
900678
724618
279403
95514
877930
988787
561650
662260
914144
372744
546141
721
446918
325054
767615
944835
900264
166679
857432
126944
410718
696898
260133
567602
809010
471407
247511
995259
14537
480222
973630
587368
596779
199238
672675
480372
726113
677945
322384
165516
216763
240801
408975
187340
748675
754809
829152
478137
420747
785177
802148
671553
657423
730852
862237
468440
465991
272484
809449
887353
50556
700176
568602
298294
541092
823623
929858
882437
183944
735102
999046
817618
446238
641269
418041
711166
867967
894277
160982
170271
856590
524027
538116
399717
443612
321832
29914
820415
46906
123013
612404
87752
595187
658702
83628
792903
768295
466219
731553
198235
899018
556516
310955
974456
90843
663331
183707
997957
759622
186299
218149
103054
640562
501659
566746
618772
114497
879852
737885
485719
267382
643053
215794
203744
585599
861974
125872
620783
633691
410936
465764
618795
762072
607711
518425
443198
375284
638468
883825
524369
861273
885805
882191
688364
6069
413563
206432
97160
916388
509189
667809
175240
488798
270462
974822
726802
297808
807549
206908
97011
728787
356549
387103
894869
654696
209134
47609
482821
150574
196098
352791
151912
292243
425188
12178
654375
990349
282587
278354
524138
821715
683699
358417
19299
786738
772214
802750
757834
939682
328486
592632
115919
227264
687323
855453
425926
317377
982427
909190
164656
471657
360793
331827
334383
645058
53298
470726
653165
216622
889666
894093
691041
792959
778504
219587
298883
341410
468736
403036
193175
423018
685822
289801
619503
696096
296275
411055
500041
889550
906944
804943
214511
655024
307375
323353
662575
907617
746698
325127
528715
224375
735777
157163
544162
468145
58719
418618
768302
827396
732136
919759
854165
403837
689751
896148
901167
931618
259056
890494
252696
489357
103658
657621
24124
303321
896660
804854
34837
826629
463805
283702
55805
929672
996021
322701
298941
742649
237461
776405
220963
171905
492228
140816
924680
873405
272123
323799
502006
911144
555520
623073
388175
589991
269983
280354
390371
925213
295409
380405
763297
742672
38201
523516
550213
548518
510497
733381
353233
759383
244657
682646
512946
252737
799646
972349
567143
724496
233922
440241
393398
642628
762032
863969
576884
187412
262517
153630
156489
359761
553330
138743
781133
477457
793411
112906
208865
111796
807348
611744
626692
609912
747520
488472
1033
228495
83360
853847
557786
944403
223378
392357
557306
995122
869221
73369
899130
83867
174745
783813
294096
511404
27300
622393
944155
269277
449425
840166
734884
85752
261526
364945
252931
73114
966001
416967
923124
321486
330195
268440
288223
735159
441474
924302
203318
995518
626907
436503
656367
250618
620501
805076
424154
434397
992148
377397
442693
331028
374529
968895
302010
617910
88017
415721
537009
80862
374500
207138
659037
442477
989531
933066
766224
2479
273449
347728
807641
75616
12763
665957
338836
711839
409000
747934
198441
745303
660124
676751
487804
72015
531911
28766
135941
73236
522245
541644
223036
936572
872990
412092
803680
866126
862112
141194
411127
921989
551099
978686
665095
949059
785077
885905
306221
765882
145858
666172
389192
252308
256897
602209
685124
752455
933514
647150
261172
335825
462040
142260
811129
635863
233589
193459
670456
726618
340259
485981
830043
358828
620541
316043
255958
868941
768852
278467
343671
605478
953595
354287
643568
304334
26616
476793
139390
755286
828245
738294
922615
362568
273998
916418
273001
900080
882806
601013
22743
304858
515458
371853
492852
609948
308642
668292
99662
915698
217082
330907
510616
986648
663904
937661
13282
655700
511665
514889
935947
766399
165515
122096
477921
37010
902949
89016
217265
717065
629294
869375
409551
874559
791541
480821
770077
267563
35422
116514
58303
770615
135122
693313
836539
155932
243103
340580
246928
553337
500569
559466
786300
341626
102329
444616
98555
153250
557556
642101
342945
515971
691384
594232
185104
732088
738207
290309
691836
505652
815277
101021
60316
502675
250520
987781
337776
915214
177340
427918
873062
849780
29138
614981
616178
781232
786783
375229
704050
582258
933675
710168
768719
872717
556257
823934
687888
259868
627977
545960
317092
406468
539810
86347
667026
746255
8337
564655
364572
899930
983425
255672
664072
622924
88588
956167
418747
864092
121845
834711
457197
442671
502598
534538
887440
311463
708677
507899
65049
94187
669592
103472
531731
129203
150093
839327
706097
122514
465812
861539
354004
590069
844640
598515
473691
592371
79292
777381
232671
968078
979478
519632
752537
389364
848372
708473
751108
846699
101213
23259
698078
283574
922048
308800
893453
973700
886162
672694
638342
779737
321395
863950
61409
735048
447678
758514
933242
875292
46941
275452
416085
984555
513261
912364
826838
806066
377534
673626
744361
85184
30976
596043
588550
581438
20551
402754
723252
216706
594595
557604
44306
89338
397502
853467
261470
795412
282215
932509
170722
950234
919514
119407
362694
65340
400427
296989
278975
738981
795984
705802
939529
476421
555042
713986
777041
608224
640606
486044
109462
245660
901794
598968
684850
472232
844495
526182
685834
724710
125130
807117
90492
575414
164438
29364
503074
338923
402760
383766
143923
887255
290682
136157
867957
543716
934047
33314
708151
667532
577098
831669
5465
188523
923491
14253
481523
271620
796216
395196
372237
50922
512436
727749
722488
470103
719300
720805
541906
253022
89684
655603
898519
829274
735051
522212
897057
307645
791779
345325
335588
809320
864036
953721
774471
907475
838041
390499
641858
732416
807703
126103
782494
685549
194095
692153
62582
917499
729393
532699
296033
370325
326221
620198
213895
414771
336282
352695
937728
941975
642349
518015
76483
893723
750488
162562
333170
502018
46542
166312
58325
190334
763119
338753
638520
697969
756183
447646
990407
223757
105167
453057
160632
261012
228725
850987
802497
98232
296570
960379
581589
78571
774967
989208
963557
130841
854649
117202
805465
862036
632349
276370
242291
843785
44543
438901
920090
534701
276971
750300
644553
485229
609728
900852
49937
944071
595514
69310
969544
844199
7352
258130
438035
374044
803027
949460
882531
611981
968313
42559
695027
985257
543127
279132
888153
698909
518078
414390
378295
816812
609033
882128
658088
568032
918397
866915
339086
528849
373985
59120
669216
975971
637389
22035
605283
765788
662829
442735
935808
795675
836975
852163
58356
669512
329350
557572
793808
314473
762882
142400
331588
587480
174943
392476
123657
650343
597978
976771
820848
876162
566924
404399
907992
271368
658536
79015
319006
934557
879771
781971
567323
740619
651868
731913
38943
96294
636170
683626
380405
974654
952869
194691
166891
107223
414583
4887
85215
150439
200952
13654
978563
892990
49844
332651
798782
347784
775739
969565
538900
278932
351921
157732
530597
870782
543575
767615
794665
483746
939471
612283
364577
861990
94656
626460
552777
325924
665215
362060
927454
946522
829802
8600
123229
129019
203734
405322
579109
155850
455427
127103
7888
419207
981893
714810
748191
813859
872796
469651
135127
785299
668116
415563
177686
24333
574965
446650
444792
383345
276084
731751
926941
635925
875819
42971
240202
559342
748457
553207
756489
327486
147004
683127
121840
904527
472850
238855
311460
43602
414793
513179
891588
366058
579267
187697
295643
476481
478330
654413
978001
418092
95014
424258
245443
801094
697278
254558
739052
125794
620425
66611
860473
390483
511276
141525
908455
471829
889211
357612
851235
694150
199129
149475
41488
805647
249100
525696
691124
526469
893658
96258
136113
890808
970809
128094
366575
429515
130021
542038
348275
65461
281732
209945
230983
84232
134480
542152
671139
641283
571172
211140
718974
822694
205407
124989
157870
721015
751547
111219
730078
267577
856780
553465
503161
610306
113190
803544
601349
640443
798759
323749
464282
116197
756718
875005
763890
896219
813441
268594
40806
362553
657824
983350
739961
371176
411550
427070
637877
99653
887282
491568
181201
145585
559989
46208
169256
640586
774120
481014
372168
165083
185363
585993
24176
934575
318050
518668
400564
890336
893165
805079
728003
739512
550140
10234
985668
433337
778996
653843
50370
710118
470075
349445
188218
965017
379397
219586
425213
134720
505117
955441
366492
123761
50331
425955
387653
397382
600255
854274
229324
659725
180934
311925
52669
53080
103512
501564
500484
260223
865228
917763
998064
737244
681032
199832
499002
811794
123725
507010
71823
998416
519751
640574
209793
47647
908201
929435
748942
64638
532825
738105
736493
754304
674624
656717
230132
533698
504163
47753
394639
899796
950543
268708
521186
695118
520896
449254
197055
788700
268208
372945
618791
785961
282976
441421
163963
197014
699289
598403
941392
742229
396069
33287
294077
598795
926324
890778
883065
139284
221022
297669
108876
456973
972761
945775
35610
394241
40911
950051
722638
110233
669255
762543
261925
731707
757890
583805
812766
992016
466370
571956
656534
759396
669128
16253
333351
532991
297526
189138
248018
177653
420346
979712
3840
35279
592558
501541
252441
788998
503289
914398
181316
58861
893162
877420
791172
794407
15316
443938
784694
399284
991349
181589
593460
531191
672656
981149
843653
47426
3961
787832
667536
106599
380754
3329
989270
254661
941249
294242
476383
837919
9160
225011
372543
863698
422665
751932
684986
834462
273434
814466
415307
117856
828727
741333
973653
762760
232678
89521
171123
133847
540380
728128
599
922979
802974
579752
356717
743397
561187
544484
520181
486841
450264
419012
163150
872332
380315
18810
626094
247694